$ 1 0.000005 10.20027730826997 50 5 50
v 464 144 464 176 0 0 40 4.2 0 0 0.5
b 406 465 176 122 0
x 347 218 391 221 4 24 BAT
x 180 205 233 208 4 24 GND
x 182 175 211 178 4 24 3V
x 183 265 328 268 4 24 OUTPUT\sPIN
x 185 298 303 301 4 24 INPUT\sPIN
w 400 144 336 144 0
w 400 144 464 144 1
x 213 368 363 371 4 30 ADAFRUIT
x 219 398 356 401 4 30 FEATHER
L 112 256 160 256 0 0 false 5 0
M 112 288 160 288 0 2.5
x 357 249 390 252 4 24 EN
x 372 172 400 175 4 12 \pJST
w 176 208 112 208 3
w 464 176 400 176 0
w 400 176 400 208 0
w 400 208 464 208 3
w 336 144 336 208 0
w 336 208 304 208 0
x 378 139 403 142 4 12 -JST
w 400 176 320 176 0
r 304 176 304 208 0 10
r 320 176 304 176 0 2.8
w 176 208 304 208 0
w 176 176 112 176 3
r 96 176 96 208 0 100
w 16 256 16 288 0
M 464 240 416 240 0 2.5
r 304 96 352 96 0 500
w 240 112 176 112 0
r 272 176 272 224 0 100000000
w 272 176 304 176 0
w 256 176 176 176 0
w 272 224 464 224 0
w 464 224 464 240 0
w 464 144 512 144 0
w 464 240 512 240 0
s 512 144 512 240 0 1 false
w 256 176 256 224 0
w 256 224 272 224 0
