$ 1 0.005 1.5642631884188172 60 5 50
b 406 465 176 122 0
x 349 217 393 220 4 24 BAT
x 183 216 236 219 4 24 GND
x 211 183 240 186 4 24 3V
x 183 265 283 268 4 16 A0\s(OUTPUT)
x 184 296 366 299 4 16 A1\s(INPUT_PULLDOWN)
w 400 128 432 128 1
x 213 368 363 371 4 30 ADAFRUIT
x 219 398 356 401 4 30 FEATHER
L 128 256 160 256 0 0 false 3.3 0
M 112 288 160 288 0 2.5
x 365 248 398 251 4 24 EN
x 372 173 400 176 4 12 \pJST
w 144 208 112 208 3
x 374 140 399 143 4 12 -JST
w 160 176 144 176 3
M 432 240 416 240 0 1.5
w 144 208 176 208 0
R 176 176 192 176 0 0 40 3.3 0 0 0.5
w 160 176 176 176 0
w 400 176 272 176 0
w 272 224 432 224 0
w 432 224 432 240 0
R 400 176 432 176 0 0 40 4.2 0 0 0.5
g 432 128 432 144 0
r 272 176 272 224 0 100000
f 608 432 656 432 0 2 0.02
f 656 368 608 368 9 2 0.02
w 656 384 656 416 0
g 656 560 656 576 0
s 704 416 704 448 0 1 true
w 656 560 656 448 3
w 608 560 496 560 0
w 496 432 496 560 0
w 496 352 496 336 3
r 576 384 576 432 0 10000
r 576 384 528 384 0 1000
r 656 352 656 320 0 100000
w 608 352 608 320 0
w 608 320 656 320 0
w 576 432 608 432 0
w 576 384 608 384 0
w 608 560 656 560 0
w 656 384 656 368 0
x 462 330 495 333 4 24 EN
x 611 282 655 285 4 24 BAT
r 496 432 496 384 0 200000
w 432 256 432 240 3
w 704 448 704 608 3
t 560 480 608 480 0 1 -0.04146186455026366 7.991249802832836e-11 100
c 560 496 560 528 0 0.00001 7.991249802832836e-11
r 544 480 512 480 0 1000
w 608 432 608 464 0
w 608 528 608 560 0
w 560 480 560 496 0
w 544 480 560 480 0
w 560 528 608 528 0
w 608 528 608 496 0
w 128 320 128 480 0
w 128 480 512 480 0
w 528 384 496 384 0
w 176 208 176 192 0
g 432 384 432 400 0
w 432 336 496 336 0
r 432 336 432 384 0 1000
w 432 336 432 256 0
w 496 352 496 384 0
w 432 208 608 208 3
w 608 208 608 320 0
w 432 208 400 208 0
w 400 208 400 176 0
x 184 326 284 329 4 16 A2\s(OUTPUT)
d 704 368 704 416 1 0.805904783
L 128 320 160 320 0 0 true 3.3 0
w 112 256 112 208 0
r 112 288 112 256 0 100000
w 704 368 704 96 0
w 704 96 80 96 0
w 112 304 112 608 0
w 112 608 704 608 0
w 112 304 112 288 3
r 656 416 704 416 0 10000
r 656 448 704 448 0 10000
w 80 128 80 96 3
w 128 256 80 208 0
w 80 128 80 208 0
w 176 192 256 192 0
w 256 192 256 128 0
w 256 128 400 128 0
x -175 155 -35 158 4 12 1)\sClick\sButton\sto\slatch\sEN
x -173 245 10 248 4 12 3)\sdigitalWrite(A0,\sHIGH)\sto\ssupply
x -157 261 0 264 4 12 a\svoltage\sto\sthe\sButton,\swhich
x -172 201 -24 204 4 12 2)\spinMode(A1,\sINPUT)\sand
x -158 216 -91 219 4 12 pulled\sdown.
x -173 306 2 309 4 12 4)\sdigitalWrite(A2,\sHIGH)\sto\sdrive
x -158 322 -8 325 4 12 EN\spin\sLOW\sand\sPower-Off.
x -159 276 15 279 4 12 is\sthen\sused\sfor\sinterface\scontrol.
x -160 169 -27 172 4 12 pin\sHIGH\sand\sPower-On.
w 656 368 656 352 0
o 65 64 0 4099 0.15625 0.00009765625 0 2 65 3
o 26 64 0 4099 5 0.00009765625 1 2 26 3
o 27 64 0 4099 5 0.00009765625 2 2 27 3
