$ 1 0.005 1.700203994009402 69 5 43
f 512 192 448 192 1 1.5 0.02
s 752 192 752 256 0 1 true
r 752 96 752 192 0 100000
w 448 176 448 96 0
w 448 96 752 96 0
r 448 240 448 304 0 100000
f 608 240 704 240 0 1.5 0.02
w 448 240 448 208 0
w 704 224 704 192 0
w 704 192 512 192 0
w 704 192 752 192 0
w 704 256 704 288 0
w 704 288 752 288 0
w 752 288 752 256 0
r 448 240 608 240 0 10000
x 462 160 534 163 4 12 P-CH\svp2106
x 617 279 692 282 4 12 N-CH\s2N7000
x 777 213 904 216 4 12 MOMENTARY\sSWITCH
w 608 240 608 352 0
t 560 400 608 400 0 1 -4.199222027897843 1.041992220237652e-10 100
r 496 400 560 400 0 1000
w 608 384 608 352 0
w 608 416 608 432 0
w 352 272 352 400 3
c 560 400 560 448 0 0.00001 1.041992220237652e-10
w 608 448 560 448 0
w 608 448 608 432 0
x 618 406 688 409 4 12 NPN\s2N3904
v 112 208 112 144 0 0 40 4.2 0 0 0.5
w 160 144 160 96 0
w 160 96 448 96 3
w 160 208 160 512 0
w 160 512 448 512 0
w 448 512 608 512 0
w 608 512 752 512 0
w 608 448 608 512 0
w 448 304 448 512 0
w 752 288 752 512 0
w 416 304 416 256 0
w 416 256 336 256 0
w 352 400 496 400 0
b 266 310 332 201 0
w 112 144 160 144 0
w 112 208 160 208 0
x 294 247 331 250 4 20 BAT
x 289 263 333 266 4 20 GND
x 282 280 332 283 4 20 GPIO
x 213 327 331 330 4 12 ADAFRUIT\sFEATHER
x -79 276 114 279 4 12 1)\sClick\sMomentary\sSwitch\sto\ssupply
x -65 291 83 294 4 12 power\sto\sthe\sMicrocontroller
x -65 338 83 341 4 12 power\sto\sthe\sMicrocontroller
x -80 324 80 327 4 12 2)\sDrive\sGPIO\spin\sHIGH\sto\scut
w 336 240 448 240 3
L 352 272 336 272 0 0 true 3.3 0
x 130 166 270 169 4 12 3.2V-4.2V\sLIPO\sBATTERY
w 416 304 448 304 0
o 52 64 0 4099 5 0.00009765625 0 2 52 3
