$ 1 0.000078125 0.34903429574618416 41 3.3 50
R 128 48 128 16 0 2 400 1.625 1.625 0 0.5
g 352 224 352 240 0
w 352 192 352 224 3
w 128 48 128 96 3
l 480 160 480 192 0 0.1 0
174 160 176 112 144 0 1000 0.005 Resistance
g 96 224 96 240 0
r 400 64 400 128 0 20
R 352 48 352 16 0 0 125 3.3 0 0 0.5
t 320 176 352 176 0 1 -3.2999999999438967 5.203705137737747e-11 100
r 128 96 128 144 0 1000
w 160 176 320 176 1
w 96 224 96 176 1
w 352 48 352 64 3
w 352 128 352 160 1
w 352 64 400 64 0
w 400 128 352 128 1
d 336 128 336 64 1 0.805904783
o 16 64 0 4355 10 0.2 0 2 16 3
o 4 8 0 4099 0.0000762939453125 0.00009765625 1 2 4 3
o 7 8 0 4099 5 0.2 2 2 7 3
