$ 3 0.001 5.459815003314424 85 4.2 50
r 256 224 256 288 0 100000
c 256 288 400 288 0 0.000001 -0.000001969815986768708
w 256 224 400 224 3
r 400 224 400 288 0 100000
w 256 288 256 352 3
r 256 352 336 352 0 5000000
c 336 352 336 520 0 0.000001 4.199903438827759
w 224 520 336 520 3
w 336 352 440 352 3
w 624 352 624 392 0
w 624 392 440 392 3
w 440 392 440 368 0
w 400 288 512 288 3
w 512 288 512 344 0
w 224 352 256 352 0
s 224 520 224 352 0 1 true
w 256 352 256 384 0
R 952 192 952 160 0 0 40 4.2 0 0 0.5
x 1018 359 1051 362 4 24 EN
x 1022 463 1051 466 4 24 A0
x 974 185 1018 188 4 24 BAT
x 533 453 625 456 4 12 FROM\s3.3V\sREG
w 400 488 536 488 3
w 624 264 712 264 0
150 720 264 720 312 1 2 0 4.2
w 720 312 720 456 3
w 720 456 536 456 0
w 536 456 536 472 0
151 536 480 624 480 1 2 4.2 4.2
151 440 360 512 360 1 2 4.2 4.2
151 512 352 624 352 1 2 0 4.2
150 720 472 784 472 1 2 0 4.2
w 720 464 720 456 0
w 624 480 720 480 0
x 736 287 1001 290 4 12 <--(TO\sSIMULATE\s3.3V\sREG\sBEING\sPOWERED)
w 952 352 976 352 3
R 952 264 952 232 0 0 40 3.3 0 0 0.5
w 784 472 808 472 3
w 624 264 624 352 0
w 728 264 952 264 3
r 808 472 872 472 0 30000
g 952 520 952 544 0
r 872 472 872 520 0 100000
w 872 472 872 456 0
w 872 456 912 456 3
w 952 192 256 192 3
w 256 192 256 224 0
x 973 251 1015 254 4 24 3V3
x 967 539 1020 542 4 24 GND
w 256 384 400 384 0
w 400 384 400 488 0
w 336 520 872 520 3
w 872 520 952 520 3
w 888 352 624 352 0
M 976 352 1000 352 0 2.5
M 912 456 1000 456 0 2.5
r 888 352 952 352 0 30000
r 952 352 952 400 0 100000
w 952 400 952 416 3
w 952 416 952 520 0
o 6 64 0 13831 4.199902640655269 0.0001 0 4 6 3 1 0 1 3
o 44 64 0 4099 0.0000762939453125 0.00009765625 1 4 44 3 35 0 35 3
