$ 1 0.000005 1.700203994009402 50 5 50
f 208 224 256 224 0 1.5 0.02
s 368 176 368 256 0 1 true
w 368 144 256 144 0
w 256 288 256 240 3
w 256 288 320 288 0
w 256 144 256 208 3
w 368 144 464 144 3
L 64 224 32 224 0 1 false 3.3 0
x 15 209 55 212 4 24 PIN
r 368 288 368 352 0 300000
v 464 288 464 144 0 0 40 4.2 0 0 0.5
M 80 352 32 352 4 2.5
x 8 338 106 341 4 24 BUTTON
w 368 352 80 352 3
w 368 176 368 144 0
w 368 256 368 288 0
w 64 224 208 224 3
r 368 288 416 288 0 100
r 320 288 368 288 0 100
w 416 288 464 288 3
