$ 1 0.000005 1.500424758475255 79 5 50
151 256 160 368 160 0 2 0 3.3
151 256 288 368 288 0 2 3.3 3.3
w 368 160 368 192 0
w 368 192 256 256 0
w 368 288 368 256 0
w 368 256 256 192 0
w 256 192 256 176 0
w 256 256 256 272 0
L 224 304 176 304 0 1 true 3.3 0
M 416 160 464 160 4 2.5
x 93 175 142 178 4 12 BUTTON
x 485 163 617 166 4 12 TO_FEATHER_ENABLE
x 7 308 160 311 4 12 FROM_FEATHER_OUTPUT
s 176 208 176 144 0 1 true
g 176 240 176 256 0
R 176 64 176 32 0 0 40 4.2 0 0 0.5
r 176 64 176 144 0 1000
w 256 144 176 144 0
w 176 208 176 240 3
w 368 160 416 160 3
w 224 304 256 304 0
x 41 17 199 20 4 12 FROM_FEATHER_BATTERY
x 254 136 268 139 4 12 A1
x 255 168 269 171 4 12 B1
x 258 269 272 272 4 12 A2
x 258 301 272 304 4 12 B2
x 349 285 363 288 4 12 Y2
x 348 155 362 158 4 12 Y1
151 256 80 368 80 0 2 0 3.3
M 416 80 464 80 4 2.5
w 256 144 256 96 0
w 368 80 416 80 3
x 485 83 605 86 4 12 TO_FEATHER_INPUT
R 256 64 256 32 0 0 40 3.3 0 0 0.5
x 244 16 452 19 4 12 FROM_FEATHER_3.3V_REGULATOR
